function [D] = testmat(n)
% function [D] = testmat(n) retruns a 6x6 matrix with one near-zero eigenvalue
D = [ 1.0181    0.0190    0.0247    0.0004    0.0350    0.0354;0.0113    1.0119    0.0154    0.0002    0.0220    0.0222;-0.0294   -0.0309    0.9599   -0.0006   -0.0570   -0.0576;-0.0026   -0.0027   -0.0035    0.9999   -0.0050   -0.0051;-0.2526   -0.2657   -0.3447   -0.0050    0.5101   -0.4949;-0.2552   -0.2684   -0.3482   -0.0051   -0.4949    0.5001];


